16
0 178 186 397 290 461 34 140 212 146 489 399 17 148 124 360
178 0 116 350 365 110 76 98 324 4 22 148 383 312 482 406
186 116 0 221 64 197 408 75 103 488 144 189 5 436 417 472
397 350 221 0 128 235 96 78 200 220 197 186 462 176 405 430
290 365 64 128 0 18 172 226 19 157 294 121 232 68 269 67
461 110 197 235 18 0 99 435 84 155 188 102 360 402 54 44
34 76 408 96 172 99 0 332 146 40 71 447 469 214 270 167
140 98 75 78 226 435 332 0 227 404 341 258 416 343 104 394
212 324 103 200 19 84 146 227 0 198 148 62 97 47 404 63
146 4 488 220 157 155 40 404 198 0 113 110 296 191 474 484
489 22 144 197 294 188 71 341 148 113 0 354 171 114 252 463
399 148 189 186 121 102 447 258 62 110 354 0 182 20 233 475
17 383 5 462 232 360 469 416 97 296 171 182 0 98 57 42
148 312 436 176 68 402 214 343 47 191 114 20 98 0 325 318
124 482 417 405 269 54 270 104 404 474 252 233 57 325 0 182
360 406 472 430 67 44 167 394 63 484 463 475 42 318 182 0

// 841

15
0 748 130 909 828 451 299 421 861 573 784 733 394 687 472
85 0 352 743 442 311 916 456 140 699 528 813 64 324 241
213 669 0 514 742 52 483 382 683 803 674 582 164 870 542
722 486 790 0 685 103 527 553 800 707 355 105 384 594 938
324 791 151 50 0 9 396 853 752 702 852 447 34 356 652
757 504 181 515 507 0 199 185 301 853 915 225 453 525 636
613 198 776 941 564 996 0 539 482 44 950 471 906 812 205
815 824 691 517 230 684 394 0 517 40 666 411 388 544 946
791 939 329 955 848 312 759 471 0 84 815 38 676 896 592
557 520 829 150 403 7 469 941 243 0 271 225 504 977 534
584 905 841 319 611 437 888 527 759 844 0 5 230 267 525
907 290 720 476 752 173 530 937 331 558 426 0 987 987 601
218 573 674 968 399 698 862 996 374 766 171 584 0 372 299
937 685 320 542 103 495 250 645 148 713 16 453 922 0 464
379 109 604 771 746 961 192 647 128 508 177 205 98 384 0
// 2351


14
0 420 234 315 152 373 289 124 210 472 49 387 37 184
420 0 26 439 57 212 459 492 278 257 107 440 79 89
234 26 0 47 213 166 403 447 459 208 94 383 491 304
315 439 47 0 174 427 59 48 221 330 122 107 331 270
152 57 213 174 0 419 318 205 246 286 456 105 325 254
373 212 166 427 419 0 460 48 95 115 497 234 257 271
289 459 403 59 318 460 0 399 319 471 279 114 282 146
124 492 447 48 205 48 399 0 153 458 243 20 112 44
210 278 459 221 246 95 319 153 0 241 488 66 435 66
472 257 208 330 286 115 471 458 241 0 267 270 154 411
49 107 94 122 456 497 279 243 488 267 0 103 215 329
387 440 383 107 105 234 114 20 66 270 103 0 198 360
37 79 491 331 325 257 282 112 435 154 215 198 0 415
184 89 304 270 254 271 146 44 66 411 329 360 415 0
// 1036


13
0 979 348 236 554 141 415 485 628 51 578 900 432
379 0 987 985 4 629 503 481 939 986 859 833 160
368 866 0 949 187 933 870 133 182 503 844 264 328
671 821 618 0 348 541 559 912 188 363 639 455 183
531 392 492 236 0 683 348 120 822 889 115 374 849
163 863 338 687 781 0 837 414 899 127 579 73 481
83 756 735 650 162 794 0 596 486 890 727 564 966
167 928 602 183 589 650 143 0 829 962 558 400 176
504 654 694 180 455 276 159 434 0 93 107 441 63
378 340 220 842 716 438 713 78 577 0 158 466 68
953 761 90 161 875 571 762 743 501 323 0 625 665
486 952 447 944 624 758 120 751 3 117 902 0 4
159 155 469 106 941 57 167 625 103 944 60 961 0
// 1474


12
0 352 42 66 28 46 317 276 292 145 219 393
352 0 260 42 223 199 206 323 227 427 436 79
42 260 0 360 430 80 203 147 70 36 442 37
66 42 360 0 467 152 173 451 329 362 419 121
28 223 430 467 0 244 115 317 121 422 38 319
46 199 80 152 244 0 107 499 452 71 426 157
317 206 203 173 115 107 0 419 16 349 415 174
276 323 147 451 317 499 419 0 407 353 93 407
292 227 70 329 121 452 16 407 0 26 444 56
145 427 36 362 422 71 349 353 26 0 459 53
219 436 442 419 38 426 415 93 444 459 0 199
393 79 37 121 319 157 174 407 56 53 199 0
// 1615


11
0 926 184 801 721 868 366 22 237 690 634
21 0 822 999 405 526 68 346 108 747 140
784 877 0 530 927 805 234 481 114 937 954
938 500 437 0 505 895 56 851 766 253 574
402 917 974 922 0 455 692 27 204 534 410
234 396 634 454 349 0 211 797 124 10 290
212 33 409 979 294 469 0 786 249 499 393
119 573 848 1 606 773 395 0 14 804 169
134 121 540 553 60 249 943 793 0 388 578
212 115 149 479 985 367 665 787 395 0 783
608 92 216 85 667 962 658 943 23 269 0
// 1310



10
0 67 154 180 316 410 490 231 269 343
67 0 364 84 102 136 367 251 48 168
154 364 0 324 401 48 18 356 142 15
180 84 324 0 493 106 107 107 233 362
316 102 401 493 0 56 81 171 455 325
410 136 48 106 56 0 387 250 421 93
490 367 18 107 81 387 0 323 406 32
231 251 356 107 171 250 323 0 35 176
269 48 142 233 455 421 406 35 0 488
343 168 15 362 325 93 32 176 488 0
//701


9
0 362 601 90 73 339 890 406 427
914 0 534 194 732 901 45 932 730
552 139 0 212 240 953 907 542 811
691 334 888 0 169 588 170 923 109
549 350 115 659 0 825 490 110 628
228 158 43 923 105 0 930 748 211
112 448 985 807 89 976 0 154 891
576 177 138 411 777 111 201 0 289
6 673 129 777 931 960 12 83 0
// 903


8
0 246 437 303 316 30 200 379
246 0 204 40 160 53 88 269
437 204 0 53 248 175 108 461
303 40 53 0 384 498 254 444
316 160 248 384 0 10 418 465
30 53 175 498 10 0 405 93
200 88 108 254 418 405 0 408
379 269 461 444 465 93 408 0
//1043

4
0 20 35 42
20 0 34 30
35 34 0 12
42 30 12 0

// 97
//1 2 4 3 1

4
20 35 42 34 30 12
// 97 -> đúng 
// 0.016

6
5 7.07 16.55 15.52 18 5 11.7 11.05 14.32 14 14.32 18.38 3 7.62 5
// 50 -> đúng 
//0.015

8
246 437 303 316 30 200 379 204 40 160 53 88 269 53 248 175 108 461 384 498 254 444 10 418 465 405 93 408
// 1347 -> sai(1043)
// 0.032

9
 362 601 90 73 339 890 406 427
 534 194 732 901 45 932 730
 212 240 953 907 542 811
169 588 170 923 109
 825 490 110 628
930 748 211
 154 891
 289
// 2279 -> sai (903).
// 0.031




